10 94 46 37 53 73 25 10 17 63 90 30 71 33 89 4 5 68 85 95 49 67 63 96 65 36 
70 18 42 96 21 84 27 40 72 30 47 30 14 22 24 35 4 43 86 78 62 83 48 24 22 35 
57 47 71 69 1 53 7 28 97 84 34 91 98 52 89 6 16 9 0 9 81 38 26 47 87 32 
81 50 90 54 31 57 81 3 33 81 15 25 22 51 32 81 15 8 99 97 76 77 87 82 66 60 
11 86 30 83 14 16 92 28 25 36 18 37 82 10 88 15 37 8 83 57 27 69 51 10 39 88 
93 90 99 31 77 99 66 17 35 98 95 5 28 28 93 97 72 45 25 83 27 21 34 34 59 57 
61 72 16 50 82 17 54 15 51 90 91 37 59 71 87 90 70 65 69 61 51 0 38 64 32 4 
79 12 69 70 44 49 65 14 86 39 35 21 90 9 73 35 95 13 98 55 93 56 33 86 58 40 
81 90 50 54 64 24 19 44 69 51 83 33 4 81 66 67 92 2 31 74 18 83 87 73 62 33 
96 41 26 80 85 5 29 98 62 24 80 2 80 83 40 23 57 31 20 90 91 70 67 71 43 99 
88 86 32 10 30 63 79 49 51 64 42 86 49 86 11 33 22 73 19 54 24 59 18 12 5 33 
34 15 87 69 87 37 89 5 4 57 3 16 21 5 79 28 47 45 87 51 86 26 94 6 92 64 
20 66 54 37 84 12 17 65 8 45 22 95 69 1 52 40 43 91 27 78 50 24 13 99 94 15 
42 37 98 39 13 28 4 46 38 95 21 26 58 25 52 72 39 83 61 42 39 44 30 94 57 60 
92 76 90 35 98 41 70 40 1 0 9 40 63 4 73 64 51 51 39 65 2 79 47 84 61 31 
28 94 43 23 87 43 88 20 98 18 63 95 5 42 98 25 78 66 48 72 86 59 0 97 3 51 
98 54 6 3 84 97 33 60 14 97 97 29 13 34 14 75 65 30 92 29 52 66 95 28 47 26 
62 29 0 97 75 44 20 18 94 34 8 62 86 32 7 34 96 15 96 82 51 61 37 61 81 88 
20 93 28 8 42 96 66 0 87 32 50 33 80 93 54 44 23 51 51 11 68 13 99 35 64 46 
72 40 23 57 93 81 14 71 96 83 67 0 74 33 57 49 23 92 29 49 22 68 55 66 36 60 
20 4 83 21 97 27 28 70 98 63 60 16 23 92 35 63 62 95 60 76 9 3 54 57 23 96 
42 12 55 54 34 81 73 38 13 99 84 61 80 23 0 0 52 4 59 25 17 58 90 26 73 65 
21 9 0 86 33 56 10 31 28 46 58 10 65 67 26 38 5 62 32 61 7 97 69 28 18 85 
80 54 7 0 21 88 90 34 25 61 42 91 20 54 42 30 34 8 80 44 45 22 25 57 2 48 
86 40 51 56 54 72 82 88 37 20 94 14 82 69 15 84 99 54 36 92 58 23 21 69 10 90 
55 16 81 58 6 1 74 65 66 69 34 36 6 97 60 70 86 8 77 36 93 46 67 96 40 17 
